150
45 386 803 916 22457 176
400 248 166 1153 26630 1177
113 154 987 1056 17348 160
11 249 1126 1182 1536 12
43 156 773 866 26352 45
241 178 311 332 9642 1070
203 384 1009 1172 23791 58
3 388 647 971 8265 206
12 27 221 341 22840 809
172 202 100 246 12512 758
40 381 1158 1170 8811 165
49 305 754 852 19521 120
306 74 483 503 5106 509
240 191 1392 1399 23943 20
323 125 454 613 16819 98
222 266 255 419 3139 877
321 142 81 506 10089 1323
20 399 687 918 27200 184
320 117 469 489 24577 806
192 56 370 1093 22279 336
58 99 839 948 14891 33
363 167 343 365 14465 270
54 217 590 1194 25558 354
354 0 143 1121 7256 55
100 253 687 851 7771 149
285 55 46 788 13149 16
139 345 407 440 5813 862
207 88 710 890 23926 142
237 195 275 636 4466 52
124 224 1100 1334 17556 274
243 287 613 745 17484 136
321 393 74 761 25897 352
377 120 734 1097 26240 527
100 65 1146 1251 1488 143
182 324 1112 1225 13935 204
269 255 503 1137 4593 385
251 245 904 1198 9196 274
37 90 526 1014 25771 540
144 340 285 1004 10644 322
98 382 330 585 7466 356
390 262 695 844 14602 497
60 23 423 449 4385 896
24 276 886 1174 14816 321
393 156 652 747 16788 123
378 218 1091 1145 13783 259
119 292 157 1160 18174 1252
81 98 791 953 23930 29
184 84 245 783 5266 307
293 268 723 925 7434 111
122 16 130 325 20688 878
391 182 280 1068 21714 282
130 101 1179 1199 25209 71
398 62 927 1025 23508 94
205 254 891 1114 26492 487
323 134 455 1186 2644 429
336 223 968 1091 16072 42
318 116 347 742 2620 79
298 231 185 670 20925 4
252 221 424 443 8438 329
284 281 501 1005 12634 882
334 128 568 618 2965 70
244 94 583 854 2874 43
82 165 744 908 7210 415
98 211 450 529 19814 316
364 227 1201 1203 20171 48
85 305 426 816 24828 190
248 113 886 1187 2863 450
261 359 675 995 10545 311
377 378 352 1185 4905 524
347 127 481 786 18685 923
119 6 457 1190 926 731
127 271 1109 1148 846 42
234 97 464 867 9084 48
333 366 583 988 14798 118
84 46 282 1137 7217 202
191 68 1025 1074 3273 354
64 359 115 1049 11728 886
335 167 612 1134 18753 777
206 137 255 468 2825 892
171 251 1218 1285 22134 217
99 151 464 1050 11304 24
19 178 250 1055 20408 346
267 100 898 1039 12453 10
90 255 371 541 12875 742
160 295 496 919 19303 602
30 192 909 1001 14665 316
85 91 189 991 25409 1148
245 285 264 550 18506 1115
240 136 391 1208 15135 207
19 143 538 1171 20072 261
171 15 542 938 2688 859
211 379 999 1102 20405 23
178 353 978 1107 23738 257
220 175 801 1105 14791 552
271 228 1013 1340 4164 150
219 114 154 273 6144 470
0 135 827 1227 22726 280
338 196 72 842 23969 1221
108 284 1206 1300 26798 205
181 118 16 952 2493 776
49 240 715 1091 14813 154
72 281 556 1243 15708 295
312 179 679 1144 14581 117
227 130 445 539 10305 725
20 314 615 983 4888 534
319 214 263 1076 16066 830
216 124 704 1272 5695 258
360 303 674 1057 5262 574
240 370 744 1206 1577 163
306 292 846 1061 25832 130
6 152 98 147 16245 475
205 204 1179 1413 21507 58
372 337 28 469 16260 5
184 400 147 619 8624 851
88 125 65 1285 20076 1243
328 329 13 366 13147 911
191 313 652 1058 17247 732
24 8 384 1076 20155 325
365 204 555 1084 6564 251
259 75 929 1290 12828 227
232 120 301 771 23836 22
151 7 187 965 24825 1002
100 330 776 903 6291 408
231 284 1128 1224 16185 303
245 289 1075 1212 2453 37
314 319 317 1214 10383 304
236 121 384 971 8044 312
47 176 464 711 26747 499
13 299 906 1131 2168 201
78 233 254 1196 5972 369
161 327 1233 1302 14478 94
200 372 230 1020 9507 197
5 294 456 900 22179 754
163 164 51 866 25033 203
53 199 256 861 5209 3
64 98 662 989 17550 108
313 336 954 1000 21447 333
20 125 852 1070 26939 285
58 336 447 1015 17930 292
165 131 881 1311 11938 48
337 70 1028 1191 17203 391
136 271 101 1007 17756 632
1 257 433 1156 5102 773
35 175 114 332 13980 1093
317 385 579 1122 3610 500
396 183 685 958 9053 330
263 304 544 746 13339 200
179 364 651 1227 25666 722
107 331 741 1167 25737 669
180 29 290 1208 6608 988
