175
333 78 1117 1239 22139 128
318 31 1121 1173 12679 58
310 315 316 1061 5940 102
214 111 235 556 23536 464
51 223 709 959 26573 371
35 376 899 949 3090 17
374 160 860 935 13279 41
306 223 856 1095 16126 434
25 198 124 522 21845 292
372 39 416 994 1582 592
324 77 490 504 4657 593
108 10 457 1194 12311 578
304 230 1265 1310 7580 84
18 91 822 991 6810 496
169 298 1008 1121 18492 168
388 49 80 1039 10886 748
199 142 252 342 6639 840
31 88 977 1078 3200 371
45 299 543 1153 21249 361
300 97 568 1132 14534 234
210 51 431 776 78 978
237 212 166 658 22362 947
267 64 320 773 17729 248
230 39 945 1159 20142 75
47 136 475 1213 24011 871
68 154 878 1022 17197 472
281 50 371 413 17403 857
86 177 433 515 14194 816
155 234 1260 1308 7581 67
56 141 1091 1128 14237 65
262 326 349 944 6161 104
307 98 196 284 23786 1006
304 27 961 1145 13057 259
101 75 252 1237 9304 329
182 281 349 997 19285 547
124 351 194 1033 409 72
89 176 1152 1176 17922 248
229 63 406 577 2962 516
179 203 1048 1417 12069 114
392 401 339 494 20981 436
184 213 175 457 18903 1215
388 204 497 526 25887 378
55 346 320 830 8360 253
240 150 887 1097 23689 263
89 173 617 883 16576 233
276 90 191 227 12671 880
256 35 892 1154 17879 243
373 310 647 1122 18689 235
121 272 930 1091 97 83
244 25 13 1112 23475 840
191 299 753 1267 16748 323
68 15 219 325 2934 831
347 327 609 938 13052 618
334 117 105 901 22063 1119
210 73 535 1230 11411 492
116 224 991 1008 21473 368
234 18 47 413 14066 134
259 382 861 1197 13749 542
245 33 45 981 11819 778
118 373 577 895 16166 496
8 288 1128 1226 10232 306
71 272 370 690 12271 173
245 136 57 470 24184 1326
173 291 852 928 8027 245
322 47 494 1242 19052 673
337 306 490 510 20978 519
128 311 583 1290 10588 216
345 227 858 1064 8902 184
286 62 1234 1241 6681 131
65 367 165 637 14273 76
401 395 84 934 10072 179
258 120 1225 1259 12404 127
211 59 418 597 18494 413
242 397 897 1136 19540 145
337 146 190 258 13004 667
175 185 885 1217 25156 61
70 160 918 1041 24721 438
270 267 1063 1281 12249 262
384 222 31 35 21685 1010
91 337 762 972 18874 639
249 123 824 901 134 410
214 362 154 1193 12259 834
164 191 175 366 4229 1157
358 309 220 829 5199 753
325 306 397 1244 19799 103
124 266 1142 1178 1147 51
122 202 925 1207 16165 69
175 166 781 1230 11579 205
393 262 487 555 19759 881
334 252 208 228 809 183
47 181 1067 1250 2872 289
41 56 734 1172 23460 627
309 222 921 1093 3215 113
145 131 1278 1297 19019 115
203 256 652 1140 23263 666
220 367 1054 1066 21740 184
387 58 506 898 5896 548
277 205 536 559 2946 632
290 361 142 248 21648 57
32 158 267 665 17142 1002
225 230 737 779 25485 263
324 342 652 1144 16689 105
8 284 177 711 13629 713
178 256 1342 1375 27060 21
100 349 717 735 13908 140
178 171 733 854 1880 77
156 139 76 687 14499 1052
365 247 241 399 4517 1181
67 327 1198 1239 20958 173
68 188 319 552 12177 806
113 67 800 1253 2593 409
125 89 746 1135 16053 40
4 384 848 961 17154 72
277 126 82 894 984 1283
95 89 34 889 3191 186
212 369 608 1228 26880 386
385 397 72 1005 13396 504
126 125 1252 1312 17032 55
116 340 319 828 21228 975
192 338 745 921 6588 37
2 324 164 350 19019 255
352 209 202 1053 26928 580
271 346 1142 1164 18560 226
265 303 518 549 1013 284
24 307 340 436 20989 13
87 330 509 744 20049 208
215 204 791 1363 15129 260
135 329 378 543 20729 390
363 122 936 1170 13644 95
281 306 652 907 150 258
44 134 324 1163 2538 212
303 180 638 664 15020 251
0 176 26 327 9116 275
34 129 851 1026 3593 527
263 56 391 740 2855 184
47 186 524 708 15011 718
219 91 1071 1276 15613 158
271 50 570 604 8903 733
299 349 1134 1206 12879 72
74 301 554 982 24416 677
394 166 127 266 20811 720
153 305 639 666 16532 781
69 190 100 670 14084 241
89 160 817 1227 1669 618
25 144 240 1159 24623 569
216 270 73 1263 26699 830
188 191 842 1112 26753 444
158 161 529 1352 19800 767
92 183 605 1188 10327 149
359 79 413 507 13022 684
266 252 801 1279 1789 43
290 341 988 1135 16540 432
104 74 874 942 19107 124
54 62 356 1081 2776 416
379 285 822 843 2288 44
1 328 125 167 649 508
226 237 134 1223 16363 471
183 55 583 671 1687 141
43 255 393 705 7567 502
166 322 531 1247 2036 221
324 374 864 883 725 262
74 65 77 436 7832 302
130 193 94 948 11191 1111
386 16 510 1060 24957 593
80 212 973 1028 25083 166
159 370 104 787 3720 935
23 204 608 941 19703 207
390 144 1095 1206 10365 295
179 134 1086 1086 2221 286
373 371 365 949 9851 589
280 235 900 974 709 19
239 275 844 933 27180 444
371 124 561 1163 22330 719
77 178 8 1061 20778 1109
33 151 116 905 14755 980
