175
274 204 1127 1289 13509 167
70 190 115 936 15187 764
25 23 242 305 14085 264
238 255 212 786 6476 1009
132 163 843 1330 21417 170
375 203 957 1130 26184 225
365 22 169 551 26424 480
240 380 125 885 7351 879
308 190 85 352 25735 341
288 172 385 1217 13544 371
241 90 855 1149 12942 316
108 169 1281 1312 7861 134
240 7 835 1179 14708 62
160 293 286 551 12746 833
134 64 1006 1212 13546 34
263 373 765 1198 7169 417
255 53 477 721 7608 244
159 188 1009 1321 1129 378
176 168 202 627 22108 1065
270 257 748 1014 19194 166
93 293 31 428 22259 782
119 137 506 654 21528 864
186 271 1074 1272 14232 13
285 90 364 565 3830 47
252 257 210 1089 16725 609
128 332 831 1017 22283 315
318 196 86 921 21180 1094
333 230 203 823 2903 933
225 244 677 1296 9509 507
399 173 519 619 2050 619
50 330 109 509 3096 463
156 223 1084 1264 15860 24
23 26 1 284 20726 244
75 162 269 833 15039 1052
63 284 725 915 6856 464
206 65 1020 1253 6975 364
237 266 116 895 21180 319
160 243 1319 1361 23615 43
62 102 614 998 6124 554
321 253 1101 1216 1651 316
41 265 784 784 14963 283
180 120 22 514 23182 52
224 391 1143 1240 7066 71
205 145 572 664 14756 273
122 378 371 1034 18437 77
261 69 1005 1187 26539 203
368 239 423 727 3680 425
399 128 954 1174 9833 389
113 194 560 1321 19684 198
181 84 740 979 11491 628
279 19 360 566 27197 707
237 158 272 556 5266 28
336 257 849 1109 18803 390
251 155 483 983 3637 927
241 153 25 313 13834 226
384 390 437 852 18007 3
104 151 572 714 19498 205
379 144 627 1191 1354 359
345 24 327 1204 7788 498
139 175 1273 1358 24435 77
329 400 407 683 10078 201
111 198 487 588 18601 329
381 59 750 1051 21956 88
91 15 545 773 7308 564
143 169 1051 1155 24387 79
197 336 1146 1245 12773 214
12 231 290 334 4714 78
41 370 836 1152 4259 552
60 18 281 398 13104 1100
239 295 71 754 15617 230
58 216 185 1234 116 301
3 37 789 973 20062 303
96 326 246 1077 24769 100
207 23 278 429 9954 631
337 152 290 904 5474 431
176 98 509 786 16226 121
200 99 459 907 11006 205
303 342 59 1063 23318 1244
327 342 252 537 6494 168
211 371 32 601 21579 464
331 310 898 1057 25365 305
328 125 20 1081 1366 27
369 216 691 1255 16725 505
354 255 77 347 18188 738
158 199 989 1323 16116 144
292 160 356 1258 22242 772
174 274 605 627 21024 541
295 103 826 1296 8543 265
90 174 1097 1227 324 204
128 163 971 992 4201 140
13 119 631 667 12131 558
119 45 503 553 4140 191
58 20 960 1205 23008 299
217 377 287 294 17078 270
150 398 640 1071 27156 610
200 129 833 1255 8436 533
151 394 905 1116 16462 234
24 232 669 773 21954 541
389 271 985 1077 2602 286
368 368 793 979 13439 53
374 9 83 1133 19585 367
111 291 927 998 20161 304
2 267 61 961 7175 735
240 185 785 1269 17544 293
34 218 373 1076 16432 747
104 282 592 1108 14727 630
395 291 99 433 26413 148
321 37 805 977 6227 365
328 113 494 553 10325 412
313 345 601 1194 19927 4
229 12 390 792 18898 549
169 372 1185 1215 16992 151
171 346 296 346 21894 789
54 262 588 746 2737 549
50 306 346 1144 12196 244
323 22 422 472 27076 853
340 217 782 1062 18378 421
346 63 892 1205 19816 91
98 174 502 1291 13336 675
79 20 640 795 2555 14
36 111 461 832 10270 519
231 297 457 966 19251 740
359 244 891 1249 26784 51
129 63 523 693 13286 628
186 45 191 216 6039 1061
391 187 865 959 14794 428
23 380 41 338 11795 856
92 42 148 876 15372 180
36 346 847 1000 2277 290
13 185 579 592 15530 851
46 13 90 1192 23215 1002
319 128 936 1140 4808 26
112 323 187 206 17286 24
116 344 1137 1149 25029 120
244 121 966 971 3571 3
327 133 228 494 23974 284
22 265 1144 1146 12023 219
216 285 456 1084 25771 765
371 221 220 1028 21564 328
322 178 540 728 17715 268
187 59 553 694 12522 315
205 119 792 1338 6988 388
128 127 796 1294 3322 14
96 314 1130 1175 18136 78
161 20 93 1027 10199 905
276 262 1205 1254 14333 39
214 166 788 1401 25318 96
218 143 745 1224 25892 53
170 18 935 1254 2269 310
228 73 745 1030 12114 546
198 258 255 749 10808 1168
346 115 327 943 24480 310
195 346 818 1012 9845 558
330 189 825 859 5984 427
177 18 446 759 10058 48
19 386 281 696 18084 799
355 33 641 1012 11420 52
135 347 190 970 9518 679
384 200 433 993 26993 322
174 8 244 871 19814 561
249 244 404 1035 6785 942
53 235 739 1242 23747 379
25 241 542 674 24552 762
109 157 1247 1261 8774 28
275 317 523 532 2661 118
333 397 280 421 11991 994
228 317 960 1092 8423 340
263 156 430 1128 23945 61
238 58 432 581 8089 218
75 174 567 1092 9133 393
80 54 393 518 24183 100
2 180 1010 1080 16413 245
171 328 1162 1238 20494 218
348 29 328 623 19061 819
158 36 69 87 4113 1035
