50
54 71 83 909 17402 520
71 165 666 1003 14467 494
259 237 904 1158 14308 466
111 228 1127 1249 23133 104
383 376 478 981 11569 415
242 285 987 1115 26750 368
360 326 733 1036 15928 686
73 119 450 518 19232 625
232 151 85 87 24006 834
400 270 561 1083 12916 343
206 295 322 1261 17733 1068
148 343 92 669 16639 659
114 154 573 763 165 462
254 337 1 1110 16026 114
159 154 1041 1161 3943 340
58 391 697 778 15624 93
86 329 460 1247 4512 704
333 365 810 1096 4228 337
355 110 871 1240 12671 438
74 114 1212 1241 7274 81
124 221 964 1150 20193 401
99 287 715 841 2532 544
168 218 1182 1391 13245 50
398 63 1075 1105 2014 184
68 114 1058 1238 23014 38
299 278 433 1259 5749 788
247 28 1073 1189 5456 363
283 46 1205 1241 15962 207
36 177 492 494 12919 167
308 145 1100 1173 16864 307
116 49 330 1128 522 464
237 89 635 1236 939 544
33 388 643 1053 22040 408
389 193 101 277 16781 350
153 302 516 1069 6202 308
117 317 79 392 18688 172
91 266 818 1050 24141 460
315 396 683 914 6148 645
169 301 655 706 15969 764
388 305 437 741 2671 428
301 268 291 310 9060 352
94 279 132 991 7019 1228
276 294 602 973 8484 152
58 377 613 687 13423 397
181 259 1098 1186 17915 214
271 21 988 1186 1283 340
90 351 245 710 21755 198
145 128 963 1144 1770 142
164 143 478 1108 3780 585
304 87 464 1206 4644 723
