60
140 396 196 227 18428 1121
327 101 143 1126 10994 154
121 369 825 1051 20527 393
399 391 628 858 5290 393
50 12 1077 1194 13424 188
399 254 792 1053 15097 135
216 28 380 871 12177 940
124 224 896 1165 6489 457
29 294 712 736 574 405
282 314 837 1141 19447 514
233 349 692 1109 12706 353
175 55 1079 1240 19118 60
128 400 448 1071 14796 957
82 158 907 976 19923 305
196 79 808 836 25135 316
68 316 7 1151 24210 251
70 266 935 1096 27184 397
380 9 1023 1067 10963 82
361 347 503 915 2037 19
134 154 102 668 3646 51
371 23 933 1150 7929 297
115 88 953 1013 22483 203
281 298 270 1093 23442 1031
301 139 1174 1313 15566 151
297 355 996 1134 17784 307
327 175 215 1149 24228 410
148 106 882 993 11582 379
283 99 1036 1041 2414 23
308 239 427 1283 1954 838
113 382 791 943 5998 241
77 357 727 977 4150 149
218 176 757 1029 13737 293
340 138 1198 1256 26498 44
264 154 871 933 4732 337
39 57 6 24 12290 433
295 244 895 1182 13999 75
325 211 1110 1242 22549 41
339 281 662 1145 2934 286
186 262 498 1118 26661 314
138 95 139 1126 9287 177
282 337 308 417 3427 644
78 222 578 1208 7924 238
323 335 53 1095 17491 1255
208 116 326 444 19412 535
157 183 388 843 5836 625
14 25 597 877 8184 602
362 87 497 923 2932 371
283 137 767 852 15681 428
107 160 1104 1226 1945 79
54 355 464 576 7712 811
288 218 562 588 19877 613
334 393 903 989 20571 200
41 245 944 1034 23279 326
204 231 1052 1146 24169 119
344 190 905 1056 17806 71
228 312 1193 1273 10512 61
368 221 613 1030 15813 49
198 227 1261 1310 15897 19
78 51 518 1184 26839 372
165 231 206 336 15979 866
