40
187 194 362 1282 13138 859
289 383 707 1155 3304 665
121 311 3 1203 21279 75
65 95 581 636 19874 750
83 4 597 865 7499 756
47 214 558 1026 13644 774
134 248 767 995 13828 414
36 325 828 868 18275 146
136 104 424 621 3860 81
154 393 218 418 8413 19
322 194 288 1003 7536 775
344 42 694 932 13505 349
315 276 1154 1259 24319 31
63 94 282 935 16678 631
85 75 654 855 3071 198
95 396 747 765 10563 195
225 316 805 1123 26498 552
221 194 854 1253 14665 190
6 77 231 325 13722 464
77 78 145 1115 5199 110
394 198 743 757 6414 659
276 154 1118 1272 6028 8
64 377 53 164 18706 293
240 304 498 557 10594 146
120 398 885 1166 18554 3
345 345 810 1072 6968 628
122 61 571 1084 139 6
111 295 52 756 4061 575
397 366 58 548 19293 169
248 390 1190 1215 8478 181
195 244 870 1114 13219 227
39 169 1014 1107 16738 56
12 266 448 888 10728 832
198 73 757 1079 21124 679
343 104 466 1078 9525 306
216 162 689 750 1720 368
257 38 467 615 1883 862
332 53 1124 1182 23655 208
221 104 743 743 20647 294
191 149 1017 1123 20916 139
