25
8 255 566 1212 21963 93
143 393 827 1165 21109 22
27 346 848 960 19581 554
128 379 395 1062 7394 424
255 17 320 634 25665 352
76 363 1010 1060 2343 21
34 152 1072 1119 5940 287
276 313 35 365 15205 964
81 226 52 695 9467 1073
275 242 452 500 3018 804
86 18 212 369 9202 911
170 348 345 522 18499 1048
322 179 1210 1290 23896 129
224 239 717 1000 2781 556
364 200 459 862 5123 891
276 243 98 845 22352 329
376 184 410 765 6047 482
181 7 261 1172 26103 470
143 193 579 1085 7711 20
326 295 590 1055 27012 432
172 68 253 560 14441 1053
360 74 580 908 765 397
135 140 627 957 20747 243
132 15 1064 1119 12405 242
291 102 374 770 4287 374
