20
40 288 216 481 6946 905
137 229 241 521 23732 34
106 190 696 1244 9253 415
288 214 783 820 17450 154
179 23 829 918 4459 328
194 92 1174 1236 13141 178
290 101 1145 1263 2355 117
179 318 601 1264 10748 796
325 85 374 519 20673 90
337 361 511 1103 8409 277
325 193 428 1018 19345 672
7 235 737 827 13586 352
312 356 718 1138 16159 388
268 115 1137 1246 19350 70
114 400 550 902 20576 673
290 379 538 1159 1067 802
334 77 1013 1115 18525 348
49 157 918 1154 3319 67
198 378 223 1238 24374 1170
31 237 105 270 17642 837
