25
233 260 92 797 18269 411
15 152 811 1203 7800 37
39 333 699 1049 13664 13
219 24 809 1242 20298 12
200 356 21 542 3022 363
134 211 1291 1324 26481 38
293 36 629 1153 5347 90
51 341 491 1194 26201 18
29 92 727 1160 17165 60
20 232 226 640 7266 97
332 111 780 834 12457 246
36 118 840 957 14645 198
144 333 971 1110 13641 66
350 274 33 824 5669 101
7 352 68 91 15309 423
308 252 941 1115 14086 40
347 257 535 779 5481 52
287 178 343 1301 1635 20
365 218 314 836 5257 342
256 194 1198 1372 687 10
214 350 290 645 17193 606
70 80 423 1026 16859 113
221 160 146 920 5084 129
183 39 267 361 5435 289
23 238 959 967 5174 39
